bass_enable=false
bass_maxgain=5
compander_enable=false
compander_granularity=2
compander_response=95.0;200.0;400.0;800.0;1600.0;3400.0;7500.0;0;0;0;0;0;0;0
compander_time_freq_transforms=0
compander_timeconstant=0.22000
convolver_enable=false
convolver_file=
convolver_optimization_mode=0
convolver_waveform_edit=-80;-100;0;0;0;0
crossfeed_bs2b_fcut=300
crossfeed_bs2b_feed=150
crossfeed_enable=true
crossfeed_mode=5
ddc_enable=false
ddc_file=
graphiceq_enable=true
graphiceq_param=GraphicEQ: 20 -5.2; 21 -5.3; 22 -5.5; 23 -5.7; 24 -6; 26 -6.5; 27 -6.7; 29 -7.1; 30 -7.3; 32 -7.7; 34 -7.9; 36 -8.1; 38 -8.2; 40 -8.3; 43 -8.4; 45 -8.4; 48 -8.5; 50 -8.5; 53 -8.5; 56 -8.5; 59 -8.4; 63 -8.3; 66 -8.3; 70 -8.1; 74 -8; 78 -7.9; 83 -7.8; 87 -7.7; 92 -7.8; 97 -7.8; 103 -7.8; 109 -7.8; 115 -7.7; 121 -7.5; 128 -7.3; 136 -7.1; 143 -6.9; 151 -6.8; 160 -6.5; 169 -6.2; 178 -5.9; 188 -5.5; 199 -5.1; 210 -4.6; 222 -3.9; 235 -2.9; 248 -2; 262 -1.8; 277 -2.6; 292 -3.9; 309 -4.8; 326 -5; 345 -5; 364 -5; 385 -5; 406 -5; 429 -5.1; 453 -5.1; 479 -5; 506 -5; 534 -4.9; 565 -4.8; 596 -4.8; 630 -4.7; 665 -4.6; 703 -4.6; 743 -4.6; 784 -4.6; 829 -4.5; 875 -4.4; 924 -4.3; 977 -4.4; 1032 -4.6; 1090 -4.7; 1151 -5; 1216 -5.2; 1284 -5.2; 1357 -5.3; 1433 -5.5; 1514 -5.7; 1599 -5.9; 1689 -6.1; 1784 -6.2; 1885 -6.4; 1991 -6.7; 2103 -7; 2221 -7; 2347 -7.3; 2479 -8; 2618 -8.7; 2766 -9.5; 2921 -10.1; 3086 -9.9; 3260 -9.2; 3443 -8.3; 3637 -7.2; 3842 -7; 4058 -8.2; 4287 -9.4; 4528 -9.4; 4783 -8.2; 5052 -6.7; 5337 -5.3; 5637 -4.2; 5955 -3.9; 6290 -5; 6644 -6.5; 7018 -7.9; 7414 -8.9; 7831 -9.2; 8272 -9.5; 8738 -9.8; 9230 -9.8; 9749 -9.3; 10298 -8.7; 10878 -8.2; 11490 -7.6; 12137 -6.8; 12821 -5.9; 13543 -4.8; 14305 -3.6; 15110 -2.3; 15961 -0.8; 16860 -0.2; 17809 -0.2; 18812 -0.2; 19871 -0.2
liveprog_enable=true
liveprog_file=/home/xircon/.config/jamesdsp/liveprog/stereowide.eel
master_enable=true
master_limrelease=60
master_limthreshold=0
master_postgain=10
reverb_bassboost=0.25000
reverb_decay=2.08000
reverb_delay=0.00000
reverb_enable=false
reverb_finaldry=-7.00000
reverb_finalwet=-9.00000
reverb_lfo_spin=0.70000
reverb_lfo_wander=0.30000
reverb_lpf_bass=600
reverb_lpf_damp=9000
reverb_lpf_input=18000
reverb_lpf_output=17000
reverb_osf=1
reverb_reflection_amount=0.30000
reverb_reflection_factor=1.00000
reverb_reflection_width=0.70000
reverb_wet=-8.00000
reverb_width=1.00000
stereowide_enable=false
stereowide_level=62
tone_enable=false
tone_eq=25.0;40.0;63.0;100.0;160.0;250.0;400.0;630.0;1000.0;1600.0;2500.0;4000.0;6300.0;10000.0;16000.0;0;0;0;0;0;0;0;0;0;0;0;0;0;0;0
tone_filtertype=0
tone_interpolation=0
tube_enable=false
tube_pregain=404
